===============
cycle:1	96	ADDI	R4, R4, #160

registers:
r00:	0	0	0	0	160	0	0	0
r08:	0	0	0	0	0	0	0	0
r16:	0	0	0	0	0	0	0	0
r24:	0	0	0	0	0	0	0	0

data:
176:-1	-2	-3
===============
cycle:2	100	ADDI	R0, R0, #10

registers:
r00:	10	0	0	0	160	0	0	0
r08:	0	0	0	0	0	0	0	0
r16:	0	0	0	0	0	0	0	0
r24:	0	0	0	0	0	0	0	0

data:
176:-1	-2	-3
===============
cycle:3	104	ADDI	R2, R0, #1

registers:
r00:	10	0	11	0	160	0	0	0
r08:	0	0	0	0	0	0	0	0
r16:	0	0	0	0	0	0	0	0
r24:	0	0	0	0	0	0	0	0

data:
176:-1	-2	-3
===============
cycle:4	108	STUR	R2, [R4, #10]

registers:
r00:	10	0	11	0	160	0	0	0
r08:	0	0	0	0	0	0	0	0
r16:	0	0	0	0	0	0	0	0
r24:	0	0	0	0	0	0	0	0

data:
176:-1	-2	-3	0	0	0	11
===============
cycle:5	112	ADD	R1, R0, R1

registers:
r00:	10	10	11	0	160	0	0	0
r08:	0	0	0	0	0	0	0	0
r16:	0	0	0	0	0	0	0	0
r24:	0	0	0	0	0	0	0	0

data:
176:-1	-2	-3	0	0	0	11
===============
cycle:6	116	ADD	R2, R1, R0

registers:
r00:	10	10	20	0	160	0	0	0
r08:	0	0	0	0	0	0	0	0
r16:	0	0	0	0	0	0	0	0
r24:	0	0	0	0	0	0	0	0

data:
176:-1	-2	-3	0	0	0	11
===============
cycle:7	120	ADDI	R1, R1, #100

registers:
r00:	10	110	20	0	160	0	0	0
r08:	0	0	0	0	0	0	0	0
r16:	0	0	0	0	0	0	0	0
r24:	0	0	0	0	0	0	0	0

data:
176:-1	-2	-3	0	0	0	11
===============
cycle:8	124	SUBI	R5, R5, #1

registers:
r00:	10	110	20	0	160	-1	0	0
r08:	0	0	0	0	0	0	0	0
r16:	0	0	0	0	0	0	0	0
r24:	0	0	0	0	0	0	0	0

data:
176:-1	-2	-3	0	0	0	11
===============
cycle:9	128	LSR	R5, R5 #4

registers:
r00:	10	110	20	0	160	268435455	0	0
r08:	0	0	0	0	0	0	0	0
r16:	0	0	0	0	0	0	0	0
r24:	0	0	0	0	0	0	0	0

data:
176:-1	-2	-3	0	0	0	11
===============
cycle:10	132	LDUR	R1, [R4, #1]

registers:
r00:	10	0	20	0	160	268435455	0	0
r08:	0	0	0	0	0	0	0	0
r16:	0	0	0	0	0	0	0	0
r24:	0	0	0	0	0	0	0	0

data:
176:-1	-2	-3	0	0	0	11
===============
cycle:11	136	AND	R2, R1, R2

registers:
r00:	10	0	0	0	160	268435455	0	0
r08:	0	0	0	0	0	0	0	0
r16:	0	0	0	0	0	0	0	0
r24:	0	0	0	0	0	0	0	0

data:
176:-1	-2	-3	0	0	0	11
===============
cycle:12	140	CBZ	R2, #5

registers:
r00:	10	0	0	0	160	268435455	0	0
r08:	0	0	0	0	0	0	0	0
r16:	0	0	0	0	0	0	0	0
r24:	0	0	0	0	0	0	0	0

data:
176:-1	-2	-3	0	0	0	11
===============
cycle:13	160	ADDI	R2, R2, #1

registers:
r00:	10	0	1	0	160	268435455	0	0
r08:	0	0	0	0	0	0	0	0
r16:	0	0	0	0	0	0	0	0
r24:	0	0	0	0	0	0	0	0

data:
176:-1	-2	-3	0	0	0	11
===============
cycle:14	164	B	#-6

registers:
r00:	10	0	1	0	160	268435455	0	0
r08:	0	0	0	0	0	0	0	0
r16:	0	0	0	0	0	0	0	0
r24:	0	0	0	0	0	0	0	0

data:
176:-1	-2	-3	0	0	0	11
===============
cycle:15	140	CBZ	R2, #5

registers:
r00:	10	0	1	0	160	268435455	0	0
r08:	0	0	0	0	0	0	0	0
r16:	0	0	0	0	0	0	0	0
r24:	0	0	0	0	0	0	0	0

data:
176:-1	-2	-3	0	0	0	11
===============
cycle:16	144	ADDI	R0, R0, #5

registers:
r00:	15	0	1	0	160	268435455	0	0
r08:	0	0	0	0	0	0	0	0
r16:	0	0	0	0	0	0	0	0
r24:	0	0	0	0	0	0	0	0

data:
176:-1	-2	-3	0	0	0	11
===============
cycle:17	148	EOR	R2, R1, R0

registers:
r00:	15	0	15	0	160	268435455	0	0
r08:	0	0	0	0	0	0	0	0
r16:	0	0	0	0	0	0	0	0
r24:	0	0	0	0	0	0	0	0

data:
176:-1	-2	-3	0	0	0	11
===============
cycle:18	152	LSL	R2, R2 #4

registers:
r00:	15	0	240	0	160	268435455	0	0
r08:	0	0	0	0	0	0	0	0
r16:	0	0	0	0	0	0	0	0
r24:	0	0	0	0	0	0	0	0

data:
176:-1	-2	-3	0	0	0	11
===============
cycle:19	156	B	#3

registers:
r00:	15	0	240	0	160	268435455	0	0
r08:	0	0	0	0	0	0	0	0
r16:	0	0	0	0	0	0	0	0
r24:	0	0	0	0	0	0	0	0

data:
176:-1	-2	-3	0	0	0	11
===============
cycle:20	168	ADD	R1, R1, R2

registers:
r00:	15	240	240	0	160	268435455	0	0
r08:	0	0	0	0	0	0	0	0
r16:	0	0	0	0	0	0	0	0
r24:	0	0	0	0	0	0	0	0

data:
176:-1	-2	-3	0	0	0	11
===============
cycle:21	172	BREAK

registers:
r00:	15	240	240	0	160	268435455	0	0
r08:	0	0	0	0	0	0	0	0
r16:	0	0	0	0	0	0	0	0
r24:	0	0	0	0	0	0	0	0

data:
176:-1	-2	-3	0	0	0	11
